Format:  EMData_1.1 
!mode:   DET
!rotation_angle = 0.00
# Transmitters: 1
0 0 0 0 0 
# Frequencies:   77
   +3.200000e+02
   +2.650000e+02
   +2.290000e+02
   +1.940000e+02
   +1.590000e+02
   +1.320000e+02
   +1.150000e+02
   +9.700000e+01
   +7.900000e+01
   +6.600000e+01
   +5.700000e+01
   +4.900000e+01
   +4.000000e+01
   +3.300000e+01
   +2.750000e+01
   +2.250000e+01
   +1.880000e+01
   +1.620000e+01
   +1.370000e+01
   +1.120000e+01
   +9.400000e+00
   +8.100000e+00
   +6.900000e+00
   +5.600000e+00
   +4.700000e+00
   +4.100000e+00
   +3.400000e+00
   +2.810000e+00
   +2.340000e+00
   +2.030000e+00
   +1.720000e+00
   +1.410000e+00
   +1.170000e+00
   +1.020000e+00
   +8.598452e-01
   +6.997901e-01
   +5.899705e-01
   +5.099439e-01
   +4.299226e-01
   +3.500175e-01
   +2.929974e-01
   +2.540005e-01
   +2.150075e-01
   +1.759944e-01
   +1.460067e-01
   +1.270003e-01
   +1.069976e-01
   +8.802817e-02
   +7.299270e-02
   +6.301197e-02
   +5.399568e-02
   +4.399472e-02
   +3.699593e-02
   +3.200000e-02
   +2.690342e-02
   +2.200220e-02
   +1.830161e-02
   +1.590078e-02
   +1.339944e-02
   +1.099989e-02
   +9.199632e-03
   +7.898894e-03
   +6.697923e-03
   +5.500550e-03
   +4.599816e-03
   +4.000000e-03
   +3.400204e-03
   +2.750275e-03
   +2.289901e-03
   +1.979806e-03
   +1.680107e-03
   +1.370051e-03
   +1.139991e-03
   +9.900990e-04
   +8.403361e-04
   +6.901311e-04
   +4.199916e-04
# Receivers: 1 
0 0 0 0 0 0 
# Data:      154
!Type      Freq#      TX#      Rx#      Data      Std_Error
RhoZxy      1      0      1      +2.912000e+02      +1.164800e+01
PhsZxy      1      0      1      +3.041954e+01      +2.000000e+00
RhoZxy      2      0      1      +3.761144e+02      +1.504458e+01
PhsZxy      2      0      1      +3.070296e+01      +2.000000e+00
RhoZxy      3      0      1      +4.711487e+02      +1.884595e+01
PhsZxy      3      0      1      +2.985127e+01      +2.000000e+00
RhoZxy      4      0      1      +6.175002e+02      +2.470001e+01
PhsZxy      4      0      1      +2.982397e+01      +2.000000e+00
RhoZxy      5      0      1      +8.072037e+02      +3.228815e+01
PhsZxy      5      0      1      +2.839681e+01      +2.000000e+00
RhoZxy      6      0      1      +9.505321e+02      +3.802128e+01
PhsZxy      6      0      1      +2.679800e+01      +2.000000e+00
RhoZxy      7      0      1      +1.101663e+03      +4.406654e+01
PhsZxy      7      0      1      +2.556000e+01      +2.000000e+00
RhoZxy      8      0      1      +1.263440e+03      +5.053758e+01
PhsZxy      8      0      1      +2.530352e+01      +2.000000e+00
RhoZxy      9      0      1      +1.452194e+03      +5.808778e+01
PhsZxy      9      0      1      +2.556683e+01      +2.000000e+00
RhoZxy      10      0      1      +1.616630e+03      +6.466519e+01
PhsZxy      10      0      1      +2.564870e+01      +2.000000e+00
RhoZxy      11      0      1      +1.715152e+03      +6.860606e+01
PhsZxy      11      0      1      +2.526379e+01      +2.000000e+00
RhoZxy      12      0      1      +1.958599e+03      +7.834398e+01
PhsZxy      12      0      1      +2.542389e+01      +2.000000e+00
RhoZxy      13      0      1      +2.168861e+03      +8.675442e+01
PhsZxy      13      0      1      +2.473943e+01      +2.000000e+00
RhoZxy      14      0      1      +2.458580e+03      +9.834318e+01
PhsZxy      14      0      1      +2.459967e+01      +2.000000e+00
RhoZxy      15      0      1      +2.731624e+03      +1.092649e+02
PhsZxy      15      0      1      +2.471468e+01      +2.000000e+00
RhoZxy      16      0      1      +3.025699e+03      +1.210280e+02
PhsZxy      16      0      1      +2.451569e+01      +2.000000e+00
RhoZxy      17      0      1      +3.450289e+03      +1.380116e+02
PhsZxy      17      0      1      +2.453249e+01      +2.000000e+00
RhoZxy      18      0      1      +3.579374e+03      +1.431750e+02
PhsZxy      18      0      1      +2.474977e+01      +2.000000e+00
RhoZxy      19      0      1      +4.198793e+03      +1.679517e+02
PhsZxy      19      0      1      +2.547626e+01      +2.000000e+00
RhoZxy      20      0      1      +4.653024e+03      +1.861210e+02
PhsZxy      20      0      1      +2.637350e+01      +2.000000e+00
RhoZxy      21      0      1      +4.968927e+03      +1.987571e+02
PhsZxy      21      0      1      +2.643674e+01      +2.000000e+00
RhoZxy      22      0      1      +5.708449e+03      +2.283380e+02
PhsZxy      22      0      1      +2.715778e+01      +2.000000e+00
RhoZxy      23      0      1      +6.381615e+03      +2.552646e+02
PhsZxy      23      0      1      +2.788451e+01      +2.000000e+00
RhoZxy      24      0      1      +6.205894e+03      +2.482358e+02
PhsZxy      24      0      1      +2.994760e+01      +2.000000e+00
RhoZxy      25      0      1      +6.631970e+03      +2.652788e+02
PhsZxy      25      0      1      +3.182327e+01      +2.000000e+00
RhoZxy      26      0      1      +6.854460e+03      +2.741784e+02
PhsZxy      26      0      1      +3.321697e+01      +2.000000e+00
RhoZxy      27      0      1      +7.253786e+03      +2.901514e+02
PhsZxy      27      0      1      +3.502556e+01      +2.000000e+00
RhoZxy      28      0      1      +7.278486e+03      +2.911394e+02
PhsZxy      28      0      1      +3.723399e+01      +2.000000e+00
RhoZxy      29      0      1      +7.846303e+03      +3.138521e+02
PhsZxy      29      0      1      +3.952734e+01      +2.000000e+00
RhoZxy      30      0      1      +7.687079e+03      +3.074832e+02
PhsZxy      30      0      1      +4.130287e+01      +2.000000e+00
RhoZxy      31      0      1      +7.582812e+03      +3.033125e+02
PhsZxy      31      0      1      +4.244824e+01      +2.000000e+00
RhoZxy      32      0      1      +7.778645e+03      +3.111458e+02
PhsZxy      32      0      1      +4.411903e+01      +2.000000e+00
RhoZxy      33      0      1      +8.161273e+03      +3.264509e+02
PhsZxy      33      0      1      +4.813710e+01      +2.000000e+00
RhoZxy      34      0      1      +7.512909e+03      +3.005164e+02
PhsZxy      34      0      1      +4.882320e+01      +2.000000e+00
RhoZxy      35      0      1      +7.641929e+03      +3.056772e+02
PhsZxy      35      0      1      +4.882700e+01      +2.000000e+00
RhoZxy      36      0      1      +7.427358e+03      +2.970943e+02
PhsZxy      36      0      1      +5.018645e+01      +2.000000e+00
RhoZxy      37      0      1      +6.948847e+03      +2.779539e+02
PhsZxy      37      0      1      +5.209806e+01      +2.000000e+00
RhoZxy      38      0      1      +6.740014e+03      +2.696005e+02
PhsZxy      38      0      1      +5.288712e+01      +2.000000e+00
RhoZxy      39      0      1      +6.336637e+03      +2.534655e+02
PhsZxy      39      0      1      +5.445063e+01      +2.000000e+00
RhoZxy      40      0      1      +5.891298e+03      +2.356519e+02
PhsZxy      40      0      1      +5.449023e+01      +2.000000e+00
RhoZxy      41      0      1      +5.675138e+03      +2.270055e+02
PhsZxy      41      0      1      +5.793886e+01      +2.000000e+00
RhoZxy      42      0      1      +5.337969e+03      +2.135188e+02
PhsZxy      42      0      1      +5.696598e+01      +2.000000e+00
RhoZxy      43      0      1      +4.862792e+03      +1.945117e+02
PhsZxy      43      0      1      +5.698914e+01      +2.000000e+00
RhoZxy      44      0      1      +4.593019e+03      +1.837207e+02
PhsZxy      44      0      1      +5.862717e+01      +2.000000e+00
RhoZxy      45      0      1      +4.530437e+03      +1.812175e+02
PhsZxy      45      0      1      +5.890464e+01      +2.000000e+00
RhoZxy      46      0      1      +4.296709e+03      +1.718683e+02
PhsZxy      46      0      1      +5.657328e+01      +2.000000e+00
RhoZxy      47      0      1      +4.332725e+03      +1.733090e+02
PhsZxy      47      0      1      +5.682847e+01      +2.000000e+00
RhoZxy      48      0      1      +3.977004e+03      +1.590802e+02
PhsZxy      48      0      1      +5.823831e+01      +2.000000e+00
RhoZxy      49      0      1      +3.780965e+03      +1.512386e+02
PhsZxy      49      0      1      +5.878768e+01      +2.000000e+00
RhoZxy      50      0      1      +3.994775e+03      +1.597910e+02
PhsZxy      50      0      1      +5.778846e+01      +2.000000e+00
RhoZxy      51      0      1      +3.807547e+03      +1.523019e+02
PhsZxy      51      0      1      +5.604557e+01      +2.000000e+00
RhoZxy      52      0      1      +3.873560e+03      +1.549424e+02
PhsZxy      52      0      1      +5.678776e+01      +2.000000e+00
RhoZxy      53      0      1      +3.525920e+03      +1.410368e+02
PhsZxy      53      0      1      +5.792719e+01      +2.000000e+00
RhoZxy      54      0      1      +3.458980e+03      +1.383592e+02
PhsZxy      54      0      1      +5.792777e+01      +2.000000e+00
RhoZxy      55      0      1      +3.937240e+03      +1.574896e+02
PhsZxy      55      0      1      +5.583848e+01      +2.000000e+00
RhoZxy      56      0      1      +3.031759e+03      +1.212704e+02
PhsZxy      56      0      1      +5.955735e+01      +2.000000e+00
RhoZxy      57      0      1      +3.313666e+03      +1.325466e+02
PhsZxy      57      0      1      +5.831924e+01      +2.000000e+00
RhoZxy      58      0      1      +2.990070e+03      +1.196028e+02
PhsZxy      58      0      1      +6.234826e+01      +2.000000e+00
RhoZxy      59      0      1      +3.318971e+03      +1.327589e+02
PhsZxy      59      0      1      +6.155984e+01      +2.000000e+00
RhoZxy      60      0      1      +2.593716e+03      +1.037487e+02
PhsZxy      60      0      1      +7.039793e+01      +2.000000e+00
RhoZxy      61      0      1      +3.244593e+03      +1.297837e+02
PhsZxy      61      0      1      +5.955593e+01      +2.000000e+00
RhoZxy      62      0      1      +2.350099e+03      +9.400397e+01
PhsZxy      62      0      1      +5.975736e+01      +2.000000e+00
RhoZxy      63      0      1      +2.354316e+03      +9.417266e+01
PhsZxy      63      0      1      +6.508514e+01      +2.000000e+00
RhoZxy      64      0      1      +2.613221e+03      +1.045288e+02
PhsZxy      64      0      1      +6.380395e+01      +2.000000e+00
RhoZxy      65      0      1      +1.703879e+03      +6.815514e+01
PhsZxy      65      0      1      +6.004342e+01      +2.000000e+00
RhoZxy      66      0      1      +1.826191e+03      +1.370905e+02
PhsZxy      66      0      1      +7.776425e+01      +2.149562e+00
RhoZxy      67      0      1      +1.352932e+03      +5.411728e+01
PhsZxy      67      0      1      +7.269120e+01      +2.000000e+00
RhoZxy      68      0      1      +9.283202e+02      +3.713281e+01
PhsZxy      68      0      1      +6.081269e+01      +2.000000e+00
RhoZxy      69      0      1      +1.044387e+03      +4.177548e+01
PhsZxy      69      0      1      +5.612498e+01      +2.000000e+00
RhoZxy      70      0      1      +1.184495e+03      +2.069154e+02
PhsZxy      70      0      1      +7.633101e+01      +4.991737e+00
RhoZxy      71      0      1      +1.481697e+03      +5.926786e+01
PhsZxy      71      0      1      +6.223793e+01      +2.000000e+00
RhoZxy      72      0      1      +7.403866e+02      +8.222033e+01
PhsZxy      72      0      1      +7.942060e+01      +3.178100e+00
RhoZxy      73      0      1      +1.543949e+03      +3.753982e+02
PhsZxy      73      0      1      +7.229357e+01      +6.931478e+00
RhoZxy      74      0      1      +3.225940e+02      +1.290376e+01
PhsZxy      74      0      1      +6.924210e+01      +2.000000e+00
RhoZxy      75      0      1      +3.245125e+02      +1.298050e+01
PhsZxy      75      0      1      +6.888872e+01      +2.000000e+00
RhoZxy      76      0      1      +5.178173e+02      +2.071269e+01
PhsZxy      76      0      1      +7.316493e+01      +2.000000e+00
RhoZxy      77      0      1      +4.595414e+02      +8.303792e+01
PhsZxy      77      0      1      +8.437026e+01      +5.162582e+00
